0
-0.012432
-0.024864
-0.0373015
-0.0497502
-0.0622156
-0.0747033
-0.087219
-0.0997686
-0.112358
-0.124992
-0.137679
-0.150423
-0.163231
-0.17611
-0.189067
-0.202107
-0.21524
-0.228471
-0.241808
-0.255261
-0.268836
-0.282543
-0.296391
-0.31039
-0.324549
-0.33888
-0.353393
-0.368101
-0.383017
-0.398154
-0.413527
-0.429151
-0.445042
-0.461219
-0.477701
-0.494508
-0.511664
-0.529192
-0.54712
-0.565476
-0.584292
-0.603604
-0.623452
-0.643876
-0.664927
-0.686658
-0.70913
-0.73241
-0.756578
-0.781722
-0.807946
-0.835371
-0.864136
-0.894409
-0.926392
-0.96033
-0.996527
-1.03537
-1.07736
-1.12317
-1.17374
-1.2305
-1.29577
-1.37404
-1.4769
-1.66734
0.738847
0.585021
0.503354
0.676654
63.063
62.6173
62.612
62.6102
62.6093
62.6088
62.6084
62.6082
62.608
62.6078
62.6077
62.6076
62.6075
62.6075
62.6074
62.6074
62.6073
62.6073
62.6072
62.6072
62.6072
62.6071
62.6071
62.6071
62.6071
62.6071
62.6071
62.607
62.607
62.607
62.607
62.607
62.607
62.607
62.607
62.6069
62.6069
62.6069
62.6069
62.6069
62.6069
62.6069
62.6069
62.6069
62.6069
62.6069
62.6069
62.6069
62.6069
62.6069
62.6069
62.6069
62.6068
62.6068
62.6068
62.6068
62.6068
62.6068
62.6068
62.6068
62.6068
62.6068
62.6068
62.6068
62.6068
62.6068
62.6068
62.6068
62.6068
62.6068
62.6068
62.6068
62.6068
62.6068
62.6068
62.6068
62.6068
62.6068
62.6068
62.6068
62.6068
62.6068
62.6068
62.6068
62.6068
62.6068
62.6068
62.6068
62.6068
62.6068
62.6068
62.6068
62.6068
62.6068
62.6068
62.6068
